$SPEC_ID:
No sample description was entered.
$SPEC_REM:
DET# 1
DETDESC# Easy-MCA-2k SN 12320940
AP# Maestro Version 6.08
$DATE_MEA:
02/01/2023 13:36:00
$MEAS_TIM:
1592 1596
$DATA:
0 2047
       0
       0
       0
       0
       0
       0
       0
       0
       0
       0
       0
       0
       0
       0
       0
       9
     185
     561
    2318
    6726
    5865
    9549
   18197
    7003
    5661
   14033
    7657
    1625
    1274
     901
     724
     770
     713
     717
     729
     722
     713
     738
     719
     674
     733
     811
     860
     913
     959
    1037
    1162
    1398
    1453
    1655
    1552
    1304
    1244
    1170
    1123
    1141
    1160
    1075
    1041
     957
     960
     922
     869
     834
     854
     895
     874
     909
     847
     833
     909
     859
     913
     797
     857
     876
     842
     904
     855
     865
     848
     849
     851
     783
     794
     746
     798
     780
     800
     774
     748
     749
     764
     759
     745
     840
     723
     745
     774
     746
     722
     707
     702
     740
     773
     720
     697
     667
     705
     689
     704
     662
     666
     658
     625
     637
     621
     642
     669
     616
     649
     593
     660
     577
     570
     627
     624
     627
     650
     676
     626
     613
     603
     650
     644
     646
     644
     609
     622
     572
     595
     669
     661
     625
     643
     675
     630
     656
     655
     623
     625
     634
     624
     624
     627
     562
     616
     569
     555
     562
     584
     523
     553
     527
     546
     560
     552
     509
     525
     535
     545
     525
     518
     494
     514
     497
     514
     486
     508
     544
     496
     508
     484
     482
     549
     528
     534
     527
     478
     533
     463
     465
     524
     462
     487
     488
     428
     443
     475
     458
     462
     490
     450
     463
     458
     442
     467
     444
     477
     424
     472
     487
     468
     424
     438
     478
     467
     438
     431
     444
     437
     414
     412
     424
     402
     443
     433
     398
     442
     394
     398
     433
     369
     399
     408
     400
     442
     433
     403
     356
     376
     398
     363
     396
     405
     388
     409
     439
     384
     357
     376
     381
     368
     381
     367
     354
     381
     387
     360
     369
     376
     398
     398
     345
     358
     372
     360
     362
     391
     394
     381
     357
     324
     336
     336
     374
     375
     369
     343
     348
     352
     352
     304
     349
     358
     343
     362
     379
     352
     366
     370
     344
     381
     406
     338
     331
     380
     395
     323
     327
     402
     337
     363
     321
     384
     358
     351
     379
     360
     372
     352
     364
     308
     350
     370
     341
     387
     359
     346
     338
     394
     310
     361
     334
     325
     354
     310
     325
     321
     334
     371
     339
     293
     307
     354
     318
     393
     344
     325
     355
     310
     303
     322
     334
     332
     321
     337
     341
     317
     333
     331
     320
     338
     335
     315
     318
     320
     325
     321
     343
     339
     327
     323
     350
     334
     336
     332
     336
     350
     335
     321
     349
     344
     338
     315
     361
     330
     312
     320
     327
     331
     320
     344
     319
     318
     330
     329
     302
     332
     291
     285
     301
     294
     302
     308
     326
     330
     294
     336
     327
     321
     309
     323
     313
     331
     296
     339
     314
     353
     300
     306
     312
     302
     308
     311
     322
     324
     325
     322
     279
     309
     316
     313
     313
     342
     314
     332
     335
     286
     255
     324
     330
     292
     338
     325
     283
     315
     288
     344
     311
     305
     343
     343
     307
     318
     317
     328
     291
     333
     269
     329
     337
     325
     300
     306
     340
     311
     302
     294
     296
     309
     295
     298
     325
     308
     321
     315
     336
     327
     352
     308
     313
     312
     293
     322
     325
     307
     307
     322
     286
     296
     316
     303
     314
     325
     321
     341
     330
     312
     323
     306
     306
     313
     342
     308
     344
     330
     323
     358
     329
     350
     311
     349
     335
     355
     334
     330
     352
     348
     324
     330
     318
     329
     320
     318
     339
     334
     318
     342
     335
     350
     328
     329
     333
     345
     329
     337
     360
     362
     338
     354
     328
     339
     341
     325
     357
     339
     359
     385
     334
     340
     299
     359
     332
     358
     309
     326
     353
     376
     303
     320
     337
     344
     323
     337
     320
     324
     332
     309
     347
     315
     308
     296
     276
     248
     274
     272
     228
     268
     265
     277
     235
     245
     283
     252
     244
     258
     257
     223
     240
     235
     255
     233
     239
     258
     236
     246
     237
     216
     237
     202
     218
     214
     247
     218
     218
     211
     226
     215
     219
     233
     200
     193
     192
     219
     203
     217
     215
     225
     209
     193
     208
     207
     214
     212
     215
     206
     203
     228
     215
     231
     216
     202
     204
     178
     193
     169
     193
     189
     201
     198
     216
     206
     227
     182
     193
     219
     171
     186
     192
     194
     183
     161
     174
     199
     143
     172
     189
     168
     163
     149
     151
     140
     165
     136
     157
     148
     151
     129
     140
     144
     137
     140
     148
     140
     157
     160
     129
     162
     169
     178
     184
     218
     191
     206
     255
     273
     243
     313
     323
     322
     343
     398
     413
     406
     491
     493
     587
     540
     607
     623
     688
     643
     709
     701
     701
     776
     791
     751
     793
     804
     894
     833
     799
     778
     776
     768
     752
     785
     693
     701
     658
     615
     566
     557
     574
     500
     486
     478
     459
     427
     345
     338
     302
     301
     274
     251
     220
     207
     178
     182
     138
     143
     125
     132
     108
     101
      82
      85
      66
      52
      46
      53
      47
      37
      53
      42
      41
      40
      37
      41
      29
      47
      41
      49
      46
      44
      50
      61
      61
      58
      78
      69
      81
      92
     116
     110
     146
     153
     154
     176
     191
     219
     219
     226
     262
     283
     325
     361
     385
     390
     411
     423
     454
     446
     470
     557
     535
     556
     558
     611
     577
     633
     612
     607
     652
     632
     630
     593
     579
     637
     597
     595
     570
     577
     535
     539
     507
     495
     441
     456
     419
     408
     353
     393
     327
     307
     310
     267
     227
     218
     194
     183
     204
     178
     136
     121
     145
     122
      98
      85
      73
      69
      56
      62
      63
      50
      49
      52
      42
      29
      33
      25
      23
      29
      26
      17
      29
      18
      19
      20
      25
      16
      14
      19
      24
      19
      29
      22
      21
      25
      23
      27
      26
      19
      24
      18
      22
      23
      18
      28
      30
      31
      23
      31
      28
      39
      25
      26
      32
      25
      26
      21
      23
      23
      28
      25
      21
      22
      16
      18
      25
      20
      17
      24
      16
      10
      16
      14
      21
      11
       9
      14
      19
      17
       8
      12
      11
      13
      14
       7
       5
      12
      13
       6
      10
      10
      10
       8
       8
       5
       2
       6
       6
       5
       6
       7
       5
       6
       3
       8
       6
       2
       5
       6
       5
       7
       7
       5
       5
       6
       1
       9
       7
       6
       4
       2
       7
       2
       7
       5
       2
       7
       6
       6
       7
       5
       2
       8
       7
       4
      10
       3
       8
       8
       4
       6
       3
       6
       2
       3
       5
       2
       3
       6
       2
       3
       5
       3
       6
       8
       9
       5
       3
       2
       0
       5
       6
       2
       3
       4
       8
       6
       4
       4
       7
       7
       3
       5
       5
       6
       6
       7
       6
       3
       3
       4
       2
       4
       3
       8
       4
       5
       1
       4
       5
       3
       8
       4
       3
       4
       5
       1
       4
       7
       7
       4
       2
       3
       8
       9
       3
       6
       4
       5
       4
       6
       5
       2
      11
       6
       6
      11
      10
       9
       6
       4
       2
       5
       2
       3
       2
       8
       5
       6
       6
       6
       5
       8
       0
       8
       9
       6
       7
       6
       4
       6
       2
       9
       5
       4
       3
       4
       4
       3
       6
       4
       5
       4
       2
       3
       7
       4
       6
       2
       4
       2
       3
       3
       2
       5
       2
       7
       1
       4
       3
       4
       4
       3
       4
       3
       6
       4
       7
       1
       2
       1
       1
       4
       2
       2
       3
       4
       2
       5
       5
       4
       5
       2
       5
       3
       3
       3
       2
       5
       6
       4
       1
       4
       3
       0
       0
       4
       2
       1
       2
       4
       4
       4
       2
       5
       3
       6
       1
       1
       1
       2
       5
       4
       4
       5
       3
       4
       0
       0
       3
       1
       2
       5
       2
       3
       3
       2
       4
       6
       0
       4
       4
       3
       2
       4
       2
       4
       3
       2
       3
       1
       4
       6
       0
       4
       3
       0
       6
       3
       2
       3
       2
       3
       5
       3
       1
       3
       0
       2
       2
       2
       0
       4
       2
       3
       3
       2
       1
       2
       3
       0
       0
       2
       1
       3
       0
       2
       2
       3
       6
       6
       6
       2
       1
       3
       3
       3
       2
       1
       5
       2
       4
       4
       2
       5
       4
       4
       2
       3
       3
       4
       0
       1
       2
       2
       1
       1
       3
       3
       2
       1
       3
       2
       8
       4
       0
       1
       7
       2
       1
       2
       4
       3
       4
       2
       1
       2
       4
       4
       2
       1
       1
       3
       2
       2
       1
       5
       2
       4
       2
       1
       4
       2
       3
       1
       4
       4
       5
       2
       3
       4
       6
       2
       5
       2
       5
       6
       2
       2
       0
       2
       3
       1
       2
       3
       3
       2
       4
       2
       2
       2
       4
       4
       1
       0
       6
       2
       6
       2
       5
       2
       2
       2
       4
       4
       3
       0
       3
       4
       1
       3
       2
       3
       4
       3
       2
       1
       3
       4
       5
       1
       1
       4
       4
       0
       3
       1
       1
       2
       5
       3
       4
       6
       2
       2
       2
       4
       0
       0
       3
       1
       3
       1
       2
       1
       0
       1
       0
       6
       2
       0
       2
       3
       5
       0
       3
       3
       6
       4
       0
       1
       2
       4
       2
       2
       1
       1
       2
       1
       3
       0
       0
       2
       2
       3
       3
       1
       4
       0
       1
       4
       0
       1
       2
       2
       2
       2
       1
       3
       1
       0
       2
       4
       0
       3
       2
       1
       1
       3
       0
       1
       3
       1
       2
       2
       0
       1
       1
       1
       2
       0
       0
       0
       1
       0
       2
       1
       0
       1
       0
       3
       1
       2
       4
       0
       0
       2
       1
       2
       1
       1
       1
       1
       0
       2
       2
       2
       1
       0
       2
       0
       0
       0
       1
       0
       0
       0
       0
       1
       0
       0
       4
       0
       0
       1
       0
       0
       0
       2
       1
       0
       1
       0
       0
       2
       2
       0
       1
       1
       0
       0
       1
       3
       0
       0
       1
       1
       0
       2
       1
       1
       0
       0
       0
       1
       0
       0
       2
       2
       2
       0
       0
       2
       0
       4
       1
       3
       4
       2
       4
       3
       2
       1
       2
       1
       0
       4
       3
       2
       2
       3
       2
       0
       2
       1
       2
       1
       1
       3
       1
       3
       0
       4
       1
       1
       6
       3
       2
       3
       2
       4
       3
       2
       0
       3
       3
       1
       5
       2
       3
       1
       5
       3
       3
       1
       1
       3
       2
       5
       3
       1
       1
       4
       1
       2
       1
       3
       4
       4
       7
       0
       2
       2
       6
       2
       0
       3
       3
       3
       3
       3
       1
       2
       4
       3
       2
       3
       3
       2
       3
       1
       2
       0
       2
       2
       1
       1
       2
       2
       0
       4
       1
       1
       1
       0
       1
       1
       2
       1
       1
       2
       1
       1
       1
       0
       0
       1
       1
       0
       2
       2
       1
       1
       0
       0
       0
       0
       0
       0
       0
       0
       1
       0
       0
       0
       0
       2
       0
       0
       0
       0
       0
       0
       1
       0
       0
       0
       0
       0
       0
       0
       0
       0
       0
       0
       0
       0
       0
       0
       1
       1
       0
       0
       0
       0
       0
       0
       0
       0
       0
       0
       0
       0
       0
       0
       0
       0
       0
       0
       0
       0
       0
       1
       0
       0
       0
       1
       0
       0
       0
       1
       0
       0
       0
       0
       0
       0
       0
       0
       0
       0
       0
       0
       0
       0
       0
       0
       0
       0
       0
       1
       0
       0
       0
       0
       0
       0
       0
       0
       0
       0
       0
       0
       0
       0
       0
       0
       0
       0
       0
       0
       0
       0
       0
       0
       0
       0
       0
       0
       0
       0
       0
       0
       0
       0
       0
       0
       0
       0
       0
       0
       0
       0
       0
       0
       0
       0
       0
       0
       0
       0
       0
       0
       0
       0
       0
       0
       0
       0
       0
       0
       0
       0
       0
       0
       0
       0
       0
       0
       0
       0
       0
       0
       1
       0
       0
       1
       0
       0
       1
       0
       0
       0
       0
       0
       0
       0
       0
       0
       0
       0
       0
       0
       1
       0
       0
       0
       0
       0
       0
       0
       0
       0
       0
       0
       0
       0
       0
       0
       0
       0
       0
       0
       0
       0
       0
       0
       0
       0
       0
       0
       0
       0
       0
       0
       0
       0
       0
       0
       0
       0
       0
       0
       0
       0
       0
       0
       0
       0
       0
       0
       0
       0
       0
       0
       0
       0
       0
       0
       0
       0
       0
       0
       0
       1
       0
       0
       0
       0
       0
       0
       0
       0
       0
       0
       0
       0
       0
       0
       0
       0
       0
       0
       0
       0
       1
       0
       0
       0
       0
       0
       0
       0
       0
       0
       0
       0
       1
       0
       0
       0
       0
       0
       0
       0
       0
       0
       1
       0
       0
       0
       0
       0
       0
       0
       0
       0
       0
       0
       0
       0
       0
       0
       0
       0
       0
       0
       0
       0
       0
       0
       0
       0
       0
       0
       0
       0
       0
       0
       0
       0
       0
       0
       1
       0
       0
       0
       0
       0
       0
       0
       0
       0
       0
       0
       0
       0
       0
       0
       0
       0
       0
       0
       0
       0
       0
       1
       0
       0
       0
       0
       0
       0
       0
       0
       0
       0
       0
       0
       0
       0
       1
       0
       0
       0
       0
       0
       0
       0
       0
       0
       0
       0
       0
       0
       0
       0
       0
       0
       0
       0
       0
       0
       0
       0
       0
       0
       0
       0
       0
       0
       0
       0
       0
       0
       0
       0
       0
       0
       0
       0
       0
       0
       0
       0
       0
       0
       0
       0
       0
       0
       0
       0
       0
       0
       0
       0
       0
       0
       0
       0
       0
$ROI:
0
$PRESETS:
None
0
0
$ENER_FIT:
0.000000 0.000000
$MCA_CAL:
3
0.000000E+000 0.000000E+000 0.000000E+000 
$SHAPE_CAL:
3
0.000000E+000 0.000000E+000 0.000000E+000
