$SPEC_ID:
No sample description was entered.
$SPEC_REM:
DET# 1
DETDESC# Easy-MCA-2k SN 12320940
AP# Maestro Version 6.08
$DATE_MEA:
02/02/2023 09:17:45
$MEAS_TIM:
644 695
$DATA:
0 2047
       0
       0
       0
       0
       0
       0
       0
       0
       0
       0
       0
       0
       0
       1
       2
      43
     759
    2528
   16721
   83440
  108736
  115615
   94910
   70735
   57010
   48734
   36246
   26735
   23094
   21224
   19756
   18576
   17746
   17305
   16803
   15711
   14915
   14436
   14185
   13955
   14059
   13960
   13890
   14060
   14612
   15702
   17600
   20089
   22055
   22940
   22535
   20431
   18754
   17496
   17277
   17529
   17668
   17024
   16065
   15016
   14519
   13851
   13684
   13426
   13215
   13006
   13102
   12905
   12733
   12860
   12831
   12743
   12695
   12596
   12532
   12581
   12777
   12644
   12712
   12568
   12668
   12765
   12751
   12715
   12689
   12852
   12883
   12622
   12700
   12597
   12535
   12599
   12467
   12789
   12834
   12579
   12886
   12840
   12867
   12607
   12677
   12620
   12913
   12743
   12917
   12977
   12921
   12950
   13069
   13214
   13091
   13224
   13536
   13681
   13888
   14225
   14386
   14580
   14565
   14969
   15130
   14947
   14972
   14955
   14842
   15038
   15098
   14892
   15207
   15089
   15192
   14967
   15017
   14980
   15002
   14809
   15086
   14992
   15070
   14840
   14821
   14923
   14683
   14962
   14850
   15010
   14933
   14907
   14749
   14791
   14563
   14665
   14555
   14688
   14684
   14693
   14354
   14381
   14702
   14403
   14450
   14353
   14276
   14406
   14357
   14298
   14142
   13983
   14165
   13951
   14057
   14113
   13979
   13811
   13871
   13830
   13577
   13784
   13780
   13775
   13922
   13794
   13638
   13562
   13834
   13574
   13607
   13577
   13506
   13405
   13744
   13537
   13723
   13484
   13628
   13775
   13717
   13618
   13626
   13850
   13563
   13747
   13687
   13484
   13662
   13804
   13478
   13920
   13561
   13676
   13760
   13979
   13872
   13679
   13824
   13858
   13621
   13677
   13570
   13930
   13806
   13721
   13657
   13674
   13768
   13580
   13885
   13810
   13758
   13885
   14005
   13757
   13844
   13893
   13718
   13784
   13835
   13845
   14073
   14037
   14108
   14049
   14147
   14112
   14110
   14316
   14251
   14233
   14229
   14323
   14312
   14525
   14382
   14405
   14630
   14681
   14921
   14578
   14742
   14636
   14957
   15017
   14730
   14648
   14823
   14863
   14711
   14475
   14665
   14506
   14273
   14289
   14264
   13889
   13864
   13433
   12933
   12731
   12449
   11890
   11684
   11129
   10545
   10310
   10136
    9786
    9337
    9291
    8919
    8509
    8101
    7977
    7773
    7656
    7455
    7496
    7202
    6990
    6851
    6570
    6689
    6522
    6445
    6288
    6043
    6068
    5993
    6081
    5776
    5994
    5728
    5752
    5354
    5492
    5413
    5314
    5443
    5384
    5221
    5077
    5051
    4932
    5088
    5063
    5010
    4927
    4951
    4867
    4688
    4883
    4575
    4855
    4752
    4682
    4532
    4522
    4540
    4561
    4504
    4597
    4553
    4428
    4503
    4436
    4607
    4332
    4458
    4372
    4346
    4332
    4449
    4439
    4331
    4421
    4380
    4392
    4466
    4401
    4557
    4465
    4432
    4476
    4540
    4586
    4708
    4860
    5159
    5402
    5573
    5907
    6506
    6944
    7648
    8606
    9600
   10800
   12329
   13932
   15933
   18003
   20511
   23249
   26190
   29763
   33233
   36953
   40870
   45196
   49259
   54083
   58534
   63458
   67504
   71857
   76065
   79021
   81304
   84702
   86613
   88081
   88261
   87963
   87629
   86500
   84430
   81887
   78244
   75443
   71266
   67102
   62732
   57752
   53286
   48356
   43843
   39632
   35357
   31165
   27244
   24080
   21206
   18029
   15607
   13187
   11236
    9412
    7928
    6733
    5581
    4675
    3890
    3300
    2628
    2245
    1999
    1611
    1304
    1123
    1014
     944
     749
     689
     625
     561
     553
     482
     458
     449
     418
     457
     417
     414
     378
     431
     409
     407
     392
     378
     373
     367
     383
     377
     351
     348
     377
     367
     361
     341
     308
     364
     324
     326
     326
     341
     358
     346
     337
     346
     319
     343
     323
     328
     292
     321
     301
     281
     296
     294
     316
     330
     336
     298
     293
     320
     319
     285
     301
     290
     275
     288
     294
     321
     290
     276
     281
     315
     254
     280
     308
     311
     288
     283
     270
     322
     275
     294
     275
     281
     280
     270
     286
     287
     276
     232
     278
     289
     300
     246
     255
     250
     264
     274
     281
     259
     269
     283
     273
     258
     302
     277
     279
     303
     266
     284
     260
     269
     271
     278
     269
     267
     268
     282
     263
     263
     249
     269
     250
     260
     257
     244
     264
     214
     243
     221
     258
     255
     255
     243
     268
     239
     229
     242
     242
     238
     240
     218
     214
     253
     223
     253
     233
     244
     221
     220
     221
     237
     213
     206
     234
     244
     210
     221
     227
     216
     219
     211
     193
     221
     217
     193
     180
     207
     173
     202
     188
     197
     204
     228
     194
     206
     199
     166
     191
     212
     192
     188
     203
     217
     200
     193
     218
     198
     194
     194
     193
     192
     200
     177
     192
     163
     194
     179
     178
     184
     152
     169
     172
     147
     175
     182
     175
     166
     140
     174
     160
     175
     158
     186
     161
     153
     144
     161
     165
     165
     150
     163
     147
     150
     170
     131
     152
     136
     173
     144
     157
     130
     152
     144
     135
     136
     156
     144
     137
     153
     144
     138
     133
     155
     123
     139
     102
     147
     138
     127
     116
     136
     116
     130
     119
     121
     123
     120
      91
     112
     115
     133
     118
     105
     137
      91
     110
     110
     108
     103
     125
      96
     100
     110
      92
      96
     117
     104
     100
     115
      94
     116
     106
      97
     100
     120
      97
      94
     105
      85
     106
     112
      97
      86
     100
     103
      94
      90
      81
     101
     109
      93
      89
      86
      84
      97
      90
      90
      99
      89
      74
      96
     111
      90
     106
     103
     103
      94
     109
     129
      94
      74
     109
      97
      91
     104
     114
     112
     105
     112
      91
     108
     106
     102
      97
     100
     110
      95
     115
      98
     118
     117
     117
     121
     122
     133
     117
     120
     121
     120
     139
     136
     117
     126
     123
     130
     121
     144
     146
     133
     117
     125
     148
     135
     107
     141
     130
     147
     152
     130
     144
     140
     130
     111
     108
     125
     115
     101
     107
     121
     110
     102
      84
      82
      94
      80
      58
      68
      62
      61
      65
      65
      62
      55
      51
      36
      46
      38
      28
      37
      28
      18
      25
      29
      20
      20
      19
      16
      12
      14
      12
      14
      14
      13
      11
      10
       9
      14
      10
      10
      11
       8
      14
       7
       9
       9
      11
       7
      12
       9
       9
       8
      10
      13
      14
      14
      19
       9
       8
      10
      14
      15
       7
      10
       6
      14
       8
      14
      15
      12
      11
      15
      10
      10
       9
      13
      13
       8
       4
       8
       7
       8
       8
       9
       8
       4
       7
       8
       9
       9
       7
       7
       7
       8
       6
       8
       6
       8
       5
       3
       4
       2
       6
       3
       1
       7
       2
       1
       2
       5
       5
       4
       6
       2
       3
       2
       3
       3
       4
       5
       2
       3
       4
       2
       5
       2
       2
       2
       3
       2
       5
       3
       3
       2
       1
       1
       2
       6
       6
       2
       1
       3
       6
       3
       4
       4
      10
       3
       4
       2
       3
       1
       1
       0
       2
       5
       2
       1
       1
       1
       4
       0
       2
       2
       0
       1
       3
       3
       1
       2
       1
       0
       2
       3
       2
       2
       2
       0
       4
       0
       1
       6
       3
       0
       6
       4
       1
       2
       4
       2
       2
       2
       1
       4
       5
       0
       4
       3
       2
       1
       3
       1
       4
       3
       5
       1
       3
       3
       1
       2
       2
       4
       2
       2
       2
       0
       5
       3
       1
       3
       3
       0
       3
       0
       4
       4
       3
       2
       1
       2
       0
       2
       0
       2
       4
       1
       4
       4
       4
       1
       2
       2
       0
       2
       4
       2
       2
       0
       3
       4
       2
       3
       1
       3
       3
       3
       2
       3
       5
       0
       4
       5
       4
       2
       2
       2
       2
       5
       4
       2
       1
       6
       1
       4
       1
       0
       1
       1
       1
       2
       2
       0
       1
       0
       2
       2
       1
       1
       2
       2
       2
       1
       1
       2
       2
       0
       1
       1
       0
       1
       3
       2
       1
       1
       2
       1
       1
       2
       0
       1
       1
       3
       2
       1
       3
       2
       3
       0
       1
       3
       1
       3
       1
       0
       1
       0
       1
       1
       1
       1
       1
       3
       0
       0
       1
       1
       1
       0
       1
       4
       0
       2
       0
       0
       1
       1
       1
       0
       0
       2
       2
       0
       1
       0
       1
       2
       0
       1
       1
       1
       2
       2
       2
       0
       2
       0
       1
       0
       2
       2
       0
       0
       0
       0
       0
       3
       0
       1
       0
       3
       0
       0
       0
       2
       1
       0
       1
       1
       2
       1
       0
       3
       1
       2
       2
       1
       0
       2
       0
       1
       2
       1
       2
       0
       0
       0
       0
       0
       0
       3
       0
       2
       0
       0
       0
       0
       0
       0
       0
       0
       1
       1
       0
       0
       0
       0
       1
       1
       0
       0
       1
       2
       0
       1
       2
       1
       2
       1
       1
       0
       0
       1
       0
       4
       1
       0
       0
       2
       0
       1
       0
       2
       1
       0
       2
       1
       2
       2
       1
       0
       0
       1
       1
       0
       1
       0
       0
       2
       1
       0
       0
       0
       0
       1
       0
       0
       0
       0
       2
       1
       0
       0
       0
       0
       3
       0
       1
       0
       0
       3
       1
       0
       2
       2
       4
       1
       0
       2
       0
       0
       0
       0
       2
       0
       1
       1
       0
       2
       1
       2
       2
       1
       1
       0
       1
       0
       1
       1
       1
       1
       0
       0
       0
       0
       0
       1
       0
       0
       0
       1
       0
       0
       0
       1
       2
       0
       2
       0
       3
       0
       2
       2
       0
       0
       0
       1
       0
       1
       0
       2
       2
       2
       0
       1
       1
       0
       0
       0
       1
       0
       0
       1
       0
       0
       0
       3
       0
       0
       0
       0
       0
       0
       0
       0
       1
       1
       1
       1
       0
       1
       1
       0
       1
       0
       2
       0
       2
       0
       0
       0
       0
       1
       2
       0
       0
       0
       0
       0
       0
       3
       0
       0
       0
       0
       0
       1
       0
       0
       1
       0
       0
       1
       2
       2
       1
       2
       1
       0
       1
       0
       1
       0
       0
       0
       0
       0
       0
       0
       0
       0
       0
       1
       0
       1
       1
       0
       0
       0
       0
       0
       0
       0
       0
       1
       1
       0
       0
       0
       1
       0
       0
       0
       0
       0
       0
       1
       0
       0
       0
       0
       3
       0
       0
       0
       0
       0
       0
       0
       2
       0
       0
       1
       0
       0
       0
       0
       0
       0
       0
       1
       0
       0
       1
       0
       0
       0
       0
       0
       0
       0
       1
       0
       1
       0
       0
       1
       0
       1
       0
       0
       0
       0
       0
       0
       0
       0
       0
       0
       0
       0
       0
       0
       0
       0
       0
       1
       0
       1
       0
       0
       0
       0
       1
       1
       0
       0
       0
       0
       1
       0
       1
       0
       0
       0
       1
       1
       0
       0
       1
       1
       3
       1
       4
       0
       0
       0
       1
       0
       1
       0
       3
       1
       2
       1
       1
       0
       0
       1
       0
       0
       1
       1
       0
       1
       0
       1
       3
       2
       2
       2
       1
       1
       1
       1
       1
       2
       0
       1
       2
       0
       0
       2
       0
       0
       1
       1
       0
       1
       0
       0
       2
       1
       1
       1
       0
       1
       0
       0
       1
       1
       1
       0
       0
       0
       0
       0
       0
       0
       1
       0
       0
       1
       0
       1
       1
       0
       1
       1
       0
       1
       1
       0
       0
       1
       1
       0
       0
       0
       2
       2
       1
       0
       0
       0
       0
       0
       0
       0
       1
       0
       0
       1
       0
       0
       0
       0
       0
       0
       0
       0
       0
       0
       0
       0
       0
       0
       0
       0
       0
       0
       0
       0
       0
       0
       0
       0
       0
       0
       0
       0
       0
       0
       0
       1
       0
       0
       0
       0
       0
       0
       1
       0
       0
       0
       0
       0
       0
       0
       0
       0
       0
       0
       0
       0
       0
       0
       0
       0
       0
       0
       0
       0
       0
       0
       0
       0
       0
       0
       0
       0
       0
       0
       0
       0
       0
       0
       0
       0
       0
       0
       0
       0
       1
       0
       0
       0
       0
       1
       0
       0
       0
       0
       0
       0
       0
       0
       0
       0
       0
       0
       0
       0
       0
       0
       0
       0
       0
       0
       0
       0
       0
       0
       0
       0
       0
       0
       0
       0
       0
       0
       0
       0
       0
       0
       0
       0
       0
       0
       0
       1
       0
       0
       0
       0
       0
       0
       0
       0
       0
       0
       0
       0
       0
       0
       0
       0
       0
       0
       0
       0
       0
       0
       0
       0
       0
       0
       0
       0
       0
       0
       0
       0
       0
       0
       0
       0
       0
       0
       0
       0
       0
       0
       0
       0
       0
       0
       0
       1
       0
       0
       0
       0
       0
       0
       0
       0
       0
       0
       0
       0
       0
       0
       0
       0
       0
       0
       0
       0
       0
       0
       0
       0
       0
       0
       0
       0
       0
       1
       0
       0
       0
       0
       0
       0
       0
       0
       0
       0
       0
       0
       0
       0
       0
       0
       0
       0
       0
       0
       0
       0
       0
       0
       0
       0
       0
       0
       0
       0
       0
       0
       0
       0
       0
       0
       0
       1
       0
       0
       0
       0
       0
       0
       0
       0
       0
       0
       0
       0
       0
       0
       0
       0
       0
       0
       0
       0
       0
       0
       0
       0
       0
       0
       0
       0
       0
       0
       0
       0
       0
       0
       0
       0
       0
       0
       0
       0
       0
       0
       0
       0
       0
       0
       0
       0
       0
       0
       0
       0
       0
       0
       0
       0
       0
       0
       0
       0
       0
       0
       1
       0
       0
       0
       0
       0
       0
       0
       0
       0
       0
       0
       0
       0
       0
       0
       0
       0
       0
       0
       0
       0
       0
       0
       0
       0
       0
       0
       0
       0
       0
       0
       1
       1
       0
       0
       0
       0
       0
       0
       0
       0
       0
       0
       0
       0
       0
       0
       0
       0
       0
       0
       0
       0
       0
       0
       0
       0
       0
       0
       0
       0
       0
       0
       0
       0
       0
       0
       0
       0
       0
       0
       0
       0
       0
       0
       0
       0
       0
       0
       0
       0
       0
       0
       0
       0
$ROI:
0
$PRESETS:
None
0
0
$ENER_FIT:
0.000000 0.000000
$MCA_CAL:
3
0.000000E+000 0.000000E+000 0.000000E+000 
$SHAPE_CAL:
3
0.000000E+000 0.000000E+000 0.000000E+000
