$SPEC_ID:
No sample description was entered.
$SPEC_REM:
DET# 1
DETDESC# Easy-MCA-2k SN 12320940
AP# Maestro Version 6.08
$DATE_MEA:
02/02/2023 11:28:29
$MEAS_TIM:
564 680
$DATA:
0 2047
       0
       0
       0
       0
       0
       0
       0
       0
       0
       0
       0
       0
       0
       0
       0
       0
       0
       0
       1
       0
       1
       1
       0
       1
       0
      11
      16
      37
      39
      41
      64
      63
      74
      90
     113
     147
     404
    1387
   12832
   52070
   47790
   43602
   40711
   38208
   36168
   35379
   36904
   47200
   76067
  131787
  212916
  290727
  327603
  305300
  237076
  162704
  104198
   69815
   52038
   42867
   37121
   33810
   30854
   28354
   26457
   24954
   23303
   22208
   21070
   20490
   19543
   19149
   18413
   17982
   17702
   18012
   17775
   18606
   19577
   20587
   22508
   24144
   25879
   27795
   29308
   30759
   30849
   30105
   29317
   28312
   26569
   24733
   22803
   20921
   19405
   17974
   16997
   15973
   15309
   14629
   13702
   13392
   12747
   12294
   11807
   10891
   10317
    9319
    8280
    7354
    6683
    6276
    5703
    5491
    5303
    5199
    4893
    4767
    4703
    4541
    4605
    4465
    4470
    4426
    4300
    4278
    4015
    4145
    4089
    4106
    4012
    3957
    3997
    3889
    4010
    3900
    3933
    4039
    3964
    4031
    3908
    3994
    3667
    3631
    3799
    3648
    3620
    3698
    3597
    3632
    3456
    3413
    3460
    3534
    3443
    3323
    3384
    3425
    3441
    3345
    3373
    3545
    3335
    3365
    3305
    3413
    3373
    3417
    3301
    3370
    3283
    3495
    3389
    3489
    3418
    3379
    3486
    3472
    3615
    3652
    3822
    3764
    3841
    4107
    4101
    4323
    4373
    4596
    4592
    4876
    5133
    5356
    5491
    5640
    5789
    6045
    6236
    6309
    6257
    6294
    6292
    6265
    6133
    6065
    5989
    5832
    5623
    5419
    5329
    5149
    4946
    4962
    4617
    4678
    4586
    4466
    4525
    4366
    4447
    4427
    4400
    4420
    4545
    4501
    4452
    4530
    4494
    4348
    4450
    4361
    4322
    4321
    4212
    4065
    4133
    3988
    3755
    3764
    3746
    3691
    3591
    3521
    3560
    3422
    3363
    3315
    3324
    3355
    3308
    3292
    3278
    3108
    3228
    3333
    3171
    3201
    3124
    3109
    3102
    3143
    3060
    3071
    3046
    3155
    3047
    3121
    3117
    3197
    3107
    3085
    3026
    3144
    3060
    3112
    3013
    2900
    3011
    3093
    2908
    3118
    3044
    3099
    3045
    3049
    3143
    3005
    2949
    3098
    3059
    2965
    3006
    3011
    2896
    2999
    3039
    2949
    3005
    2921
    2967
    2911
    2984
    3023
    3055
    3170
    3093
    3092
    3072
    3000
    3022
    3084
    2932
    2988
    3051
    3043
    3011
    3159
    3101
    3074
    3136
    3070
    3147
    3089
    3023
    3008
    3018
    3097
    3015
    3086
    2990
    3082
    3099
    3003
    3144
    3069
    3094
    3038
    2998
    3034
    2995
    3007
    3128
    3034
    3079
    3037
    3073
    3143
    3148
    3038
    3067
    3058
    3001
    3051
    3033
    3092
    3024
    3034
    3075
    3038
    2973
    2992
    2996
    3072
    3033
    3080
    3029
    3135
    3103
    3027
    2965
    3005
    3119
    2952
    3098
    3039
    3040
    3051
    3033
    2991
    3079
    3066
    2952
    3122
    3056
    3081
    3079
    2986
    3089
    3035
    3042
    3052
    2998
    3109
    3089
    3102
    2975
    3109
    3129
    3104
    3109
    3045
    3026
    3073
    3046
    2999
    2972
    3094
    3094
    3090
    2994
    3081
    3064
    3111
    3026
    3124
    3074
    3146
    2976
    3080
    3079
    3063
    3180
    3174
    3018
    3091
    3083
    3051
    3190
    3080
    3174
    3094
    3099
    3006
    3194
    3041
    3120
    3120
    3109
    3064
    3183
    3279
    3224
    3097
    3140
    3193
    3228
    3262
    3215
    3208
    3240
    3258
    3287
    3217
    3325
    3304
    3284
    3209
    3316
    3295
    3274
    3368
    3377
    3428
    3333
    3363
    3380
    3382
    3412
    3413
    3437
    3471
    3477
    3470
    3596
    3556
    3577
    3595
    3523
    3623
    3580
    3622
    3494
    3524
    3589
    3517
    3489
    3577
    3688
    3574
    3585
    3680
    3705
    3583
    3634
    3617
    3644
    3521
    3554
    3588
    3703
    3672
    3529
    3543
    3548
    3683
    3667
    3614
    3659
    3522
    3722
    3610
    3590
    3485
    3522
    3666
    3639
    3601
    3608
    3732
    3537
    3552
    3623
    3545
    3556
    3646
    3528
    3554
    3597
    3485
    3528
    3624
    3671
    3472
    3551
    3582
    3627
    3515
    3614
    3633
    3543
    3697
    3739
    3564
    3586
    3581
    3641
    3491
    3657
    3534
    3513
    3507
    3510
    3528
    3556
    3528
    3547
    3487
    3535
    3458
    3549
    3593
    3491
    3470
    3498
    3580
    3613
    3549
    3543
    3546
    3599
    3608
    3437
    3687
    3576
    3448
    3491
    3603
    3507
    3542
    3597
    3440
    3411
    3442
    3508
    3608
    3522
    3550
    3463
    3542
    3601
    3491
    3600
    3608
    3425
    3445
    3488
    3547
    3544
    3375
    3495
    3402
    3400
    3475
    3463
    3458
    3370
    3484
    3439
    3515
    3443
    3480
    3541
    3508
    3620
    3383
    3436
    3533
    3616
    3407
    3411
    3463
    3439
    3501
    3398
    3412
    3455
    3468
    3449
    3340
    3414
    3459
    3394
    3331
    3399
    3379
    3381
    3513
    3508
    3460
    3404
    3516
    3484
    3469
    3557
    3282
    3457
    3325
    3435
    3500
    3359
    3439
    3527
    3426
    3405
    3422
    3322
    3444
    3436
    3396
    3519
    3364
    3293
    3284
    3326
    3385
    3449
    3319
    3545
    3261
    3377
    3347
    3449
    3337
    3416
    3340
    3215
    3392
    3419
    3355
    3392
    3427
    3304
    3285
    3386
    3412
    3256
    3429
    3395
    3382
    3415
    3249
    3337
    3364
    3304
    3284
    3402
    3395
    3376
    3356
    3319
    3342
    3392
    3353
    3376
    3389
    3353
    3358
    3292
    3316
    3314
    3274
    3446
    3310
    3324
    3369
    3364
    3264
    3242
    3245
    3300
    3332
    3302
    3287
    3351
    3157
    3335
    3329
    3321
    3412
    3178
    3203
    3362
    3318
    3210
    3296
    3282
    3173
    3280
    3324
    3366
    3289
    3216
    3237
    3205
    3232
    3290
    3223
    3236
    3286
    3264
    3202
    3309
    3299
    3317
    3316
    3235
    3339
    3275
    3363
    3260
    3169
    3338
    3332
    3290
    3264
    3213
    3205
    3274
    3357
    3203
    3397
    3272
    3268
    3279
    3293
    3287
    3291
    3295
    3302
    3252
    3397
    3362
    3257
    3258
    3217
    3259
    3269
    3268
    3308
    3246
    3223
    3329
    3268
    3248
    3285
    3340
    3204
    3331
    3351
    3305
    3268
    3267
    3271
    3328
    3311
    3330
    3232
    3395
    3301
    3306
    3323
    3436
    3352
    3359
    3276
    3301
    3330
    3242
    3247
    3290
    3321
    3142
    3333
    3298
    3313
    3315
    3277
    3288
    3380
    3409
    3190
    3296
    3406
    3277
    3394
    3354
    3422
    3349
    3248
    3245
    3193
    3383
    3368
    3290
    3382
    3437
    3304
    3199
    3309
    3360
    3375
    3306
    3323
    3283
    3306
    3385
    3409
    3316
    3330
    3397
    3301
    3352
    3286
    3289
    3280
    3368
    3327
    3310
    3296
    3287
    3286
    3336
    3395
    3359
    3363
    3380
    3355
    3287
    3348
    3317
    3304
    3313
    3333
    3340
    3352
    3372
    3371
    3368
    3287
    3311
    3285
    3386
    3320
    3343
    3354
    3312
    3366
    3363
    3232
    3260
    3202
    3397
    3232
    3303
    3331
    3342
    3245
    3329
    3296
    3406
    3352
    3282
    3299
    3279
    3242
    3293
    3295
    3228
    3333
    3438
    3244
    3258
    3305
    3393
    3393
    3341
    3404
    3355
    3234
    3445
    3455
    3341
    3269
    3295
    3350
    3309
    3293
    3278
    3401
    3466
    3406
    3243
    3252
    3327
    3329
    3317
    3287
    3367
    3346
    3425
    3383
    3290
    3263
    3280
    3340
    3396
    3360
    3259
    3375
    3329
    3398
    3375
    3342
    3413
    3365
    3329
    3350
    3269
    3521
    3355
    3305
    3369
    3353
    3267
    3395
    3315
    3435
    3363
    3369
    3341
    3316
    3438
    3450
    3357
    3412
    3345
    3397
    3448
    3340
    3389
    3478
    3346
    3473
    3456
    3581
    3515
    3478
    3474
    3349
    3392
    3491
    3506
    3417
    3495
    3426
    3450
    3481
    3465
    3346
    3367
    3470
    3437
    3503
    3430
    3475
    3466
    3450
    3536
    3564
    3468
    3390
    3418
    3405
    3602
    3460
    3479
    3452
    3589
    3496
    3494
    3472
    3501
    3483
    3474
    3638
    3444
    3634
    3504
    3622
    3511
    3507
    3504
    3586
    3586
    3558
    3565
    3568
    3551
    3607
    3582
    3597
    3494
    3562
    3584
    3529
    3472
    3599
    3532
    3650
    3626
    3677
    3683
    3612
    3484
    3530
    3614
    3525
    3512
    3531
    3622
    3578
    3484
    3509
    3490
    3388
    3542
    3528
    3557
    3407
    3580
    3589
    3566
    3574
    3491
    3533
    3445
    3444
    3405
    3436
    3424
    3463
    3373
    3334
    3458
    3410
    3421
    3404
    3401
    3364
    3293
    3097
    3194
    3282
    3142
    3102
    3229
    3133
    3096
    3131
    3156
    3173
    3052
    3059
    3030
    3078
    2943
    2962
    2897
    2904
    2889
    2965
    2888
    2835
    2832
    2812
    2740
    2752
    2673
    2679
    2655
    2646
    2663
    2596
    2622
    2536
    2506
    2511
    2510
    2474
    2495
    2376
    2450
    2406
    2442
    2355
    2261
    2347
    2349
    2212
    2264
    2247
    2198
    2159
    2284
    2183
    2073
    2180
    2053
    2039
    2000
    2028
    2010
    1992
    1962
    2070
    1966
    1907
    1900
    1965
    1947
    1858
    1855
    1932
    1864
    1863
    1933
    1794
    1824
    1800
    1751
    1806
    1708
    1719
    1690
    1858
    1770
    1759
    1725
    1726
    1700
    1690
    1604
    1648
    1658
    1701
    1657
    1696
    1646
    1700
    1606
    1684
    1596
    1575
    1533
    1633
    1606
    1541
    1568
    1497
    1542
    1528
    1529
    1513
    1485
    1574
    1571
    1541
    1572
    1483
    1474
    1482
    1498
    1467
    1410
    1513
    1492
    1522
    1419
    1388
    1423
    1422
    1497
    1425
    1340
    1415
    1446
    1409
    1378
    1376
    1377
    1419
    1394
    1372
    1366
    1354
    1311
    1375
    1382
    1393
    1313
    1265
    1359
    1293
    1319
    1315
    1255
    1297
    1285
    1318
    1275
    1289
    1269
    1314
    1315
    1342
    1310
    1262
    1300
    1318
    1241
    1272
    1282
    1285
    1274
    1270
    1288
    1279
    1220
    1329
    1284
    1264
    1284
    1253
    1226
    1239
    1228
    1242
    1255
    1240
    1177
    1237
    1184
    1240
    1211
    1227
    1211
    1196
    1207
    1146
    1184
    1211
    1186
    1167
    1202
    1195
    1175
    1182
    1166
    1144
    1156
    1140
    1210
    1173
    1210
    1158
    1200
    1194
    1161
    1161
    1112
    1134
    1193
    1107
    1112
    1244
    1167
    1139
    1147
    1098
    1174
    1141
    1171
    1149
    1142
    1187
    1136
    1169
    1112
    1093
    1103
    1154
    1100
    1208
    1140
    1144
    1176
    1141
    1135
    1107
    1144
    1204
    1182
    1203
    1121
    1136
    1106
    1082
    1048
    1056
    1099
    1099
    1084
    1131
    1076
    1052
    1056
    1100
    1119
    1073
    1235
    1150
    1074
    1077
    1155
    1138
    1128
    1124
    1051
    1121
    1152
    1063
    1084
    1071
    1116
    1123
    1094
    1100
    1021
    1115
    1096
    1010
    1092
    1056
    1051
    1133
    1099
    1076
     987
    1077
    1087
    1057
    1076
    1094
    1099
    1060
    1082
    1055
    1118
    1091
    1114
    1148
    1091
    1166
    1099
    1103
    1146
    1145
    1067
    1036
    1074
    1094
    1080
    1095
    1046
    1109
    1051
    1055
    1110
    1070
    1099
    1047
    1059
    1090
    1079
    1048
    1113
    1093
    1066
    1057
    1072
    1056
    1091
    1097
    1092
    1062
    1134
    1116
    1106
    1136
    1083
    1061
    1107
    1086
    1181
    1148
    1174
    1134
    1137
    1156
    1164
    1182
    1126
    1169
    1260
    1198
    1210
    1150
    1136
    1227
    1196
    1298
    1275
    1188
    1283
    1315
    1245
    1342
    1342
    1337
    1406
    1408
    1467
    1509
    1487
    1508
    1613
    1523
    1564
    1655
    1681
    1660
    1803
    1717
    1843
    1823
    1963
    1895
    1945
    2055
    2068
    2197
    2193
    2219
    2374
    2426
    2574
    2650
    2609
    2836
    2779
    2900
    3002
    3097
    3236
    3384
    3378
    3533
    3540
    3754
    3846
    4010
    4121
    4246
    4377
    4442
    4662
    4699
    4842
    5173
    5295
    5387
    5525
    5836
    5995
    6163
    6277
    6649
    6864
    6861
    7010
    7161
    7576
    7643
    7853
    8036
    8305
    8679
    9042
    9274
    9338
    9563
    9831
    9936
   10345
   10607
   10896
   11083
   11312
   11444
   11991
   12130
   12653
   12531
   13048
   12999
   13534
   13751
   14024
   14289
   14669
   14803
   15238
   15213
   15605
   15666
   16009
   16227
   16520
   16650
   17110
   17158
   17587
   17541
   17859
   18364
   18053
   18722
   18668
   18848
   19332
   19418
   19385
   19429
   20016
   19833
   19963
   20057
   20222
   20321
   20384
   20266
   20273
   20459
   20742
   20883
   20562
   20834
   20925
   20812
   20746
   20821
   20639
   20673
   20708
   20481
   20376
   20352
   20574
   20211
   20078
   19951
   19902
   19595
   19476
   19241
   19195
   19231
   18841
   18459
   18412
   18355
   17993
   17865
   17483
   17311
   17313
   16783
   16197
   16653
   16313
   15851
   15630
   15198
   15116
   14904
   14696
   14165
   13990
   13655
   13561
   13055
   12834
   12775
   12503
   12093
   11924
   11636
   11246
   11085
   10821
   10454
   10298
    9853
    9739
    9262
    9180
    8827
    8816
    8459
    8223
    7959
    7705
    7397
    7206
    6908
    6711
    6563
    6262
    6104
    5837
    5713
    5600
    5174
    5195
    5014
    4836
    4638
    4579
    4252
    4065
    3967
    3845
    3624
    3577
    3472
    3171
    3165
    3063
    2912
    2705
    2737
    2565
    2451
    2336
    2247
    2176
    2021
    1969
    1962
    1835
    1723
    1589
    1554
    1522
    1400
    1304
    1294
    1186
    1152
    1177
    1087
    1079
    1023
     988
     840
     949
     866
     755
     745
     714
     664
     664
     593
     611
     603
     544
     504
     535
     500
     504
     398
     413
     387
     406
     384
     347
     342
     306
     307
     330
     297
     284
     264
     220
     241
     255
     234
     213
     241
     193
     200
     183
     197
     179
     185
     188
     167
     138
     169
     162
     146
     159
     133
     139
     153
     158
     137
     133
     155
     125
     128
     120
     115
     143
     110
     120
     118
      99
     114
      93
     120
     131
     109
     106
     128
      96
     100
      89
     123
     116
      96
      96
     114
      93
     100
     108
      91
     104
      97
      90
      82
      93
      91
     101
      94
      87
      86
      87
      90
     102
     101
     107
      89
      95
      98
     108
      94
      87
      94
     100
      90
     107
      90
      98
      80
      98
      77
      98
      92
      93
      87
      91
      95
     115
      95
      87
      90
      86
      99
     101
      96
      86
     100
      88
      81
      70
      88
      70
      84
      87
      98
      88
      78
      82
      91
      74
      81
      77
      84
      65
      89
      71
      69
      70
      77
      81
      76
      64
      75
      64
      80
      74
      85
      82
      86
      84
      99
      82
      78
      78
      84
      87
      97
      96
      72
      86
      68
      86
      77
      94
      69
      88
      82
      75
      73
      78
      74
      87
      81
      67
      80
      84
      87
      67
      76
      76
      77
      76
      80
      78
      83
      77
      66
      67
      70
      70
      66
      71
      67
      70
      79
      73
      86
      74
      81
      67
      76
      89
      87
      68
      70
      80
      84
      59
      78
      87
      85
      67
      65
      92
      76
      67
      69
      79
      83
      80
      73
      79
      71
      85
      66
      65
      76
      79
      71
      69
      61
      63
      67
      72
      71
      76
      71
      74
      72
      68
      80
      86
      70
      69
      65
      59
      74
      86
      71
      80
      69
      61
      81
      73
      69
      65
      81
      82
      63
      71
      73
      68
      58
      77
      72
      68
      66
      67
      34
      21
      22
      11
      15
      22
      16
      13
      14
       9
       4
       8
       7
       0
       0
       0
       0
       0
       0
       0
       0
       0
       0
       0
       0
       0
       0
       0
       0
       0
       0
       0
       0
       0
       0
       0
       0
       0
       0
       0
       0
       0
       0
       0
       0
$ROI:
0
$PRESETS:
None
0
0
$ENER_FIT:
0.000000 0.000000
$MCA_CAL:
3
0.000000E+000 0.000000E+000 0.000000E+000 
$SHAPE_CAL:
3
0.000000E+000 0.000000E+000 0.000000E+000
