$SPEC_ID:
No sample description was entered.
$SPEC_REM:
DET# 1
DETDESC# Easy-MCA-2k SN 12320940
AP# Maestro Version 6.08
$DATE_MEA:
02/02/2023 10:56:15
$MEAS_TIM:
286 299
$DATA:
0 2047
       0
       0
       0
       0
       0
       0
       0
       0
       0
       0
       0
       0
       0
       0
       0
       0
       0
       0
       0
       0
       0
       0
       0
       0
       0
       0
       0
       0
       0
       0
       0
       0
       0
       0
       9
      19
      51
     141
    1334
    4666
    4473
    4488
    4443
    4534
    4741
    5153
    6085
    6671
    7213
    7438
    6930
    6379
    5609
    5329
    5588
    5415
    5409
    5084
    4715
    4485
    4259
    4048
    4101
    4107
    3985
    3899
    3850
    3818
    3890
    3909
    3918
    3939
    3788
    3947
    3854
    3812
    3853
    3800
    3917
    3924
    3746
    3849
    3804
    3770
    3951
    3827
    3852
    3695
    3834
    3837
    3847
    3805
    3815
    3662
    3877
    3759
    3765
    3774
    3831
    3826
    3866
    3820
    3887
    3990
    4050
    4046
    4088
    4122
    4079
    4106
    4117
    4051
    4200
    4278
    4228
    4179
    4215
    4298
    4349
    4224
    4215
    4243
    4218
    4281
    4148
    4249
    4083
    4270
    4415
    4264
    4136
    4376
    4325
    4292
    4403
    4420
    4278
    4485
    4440
    4427
    4300
    4550
    4332
    4416
    4434
    4224
    4375
    4524
    4519
    4465
    4486
    4461
    4390
    4445
    4502
    4428
    4497
    4311
    4450
    4397
    4331
    4443
    4402
    4292
    4437
    4394
    4296
    4363
    4448
    4391
    4327
    4403
    4366
    4308
    4437
    4411
    4389
    4448
    4377
    4463
    4417
    4333
    4493
    4519
    4442
    4555
    4326
    4415
    4502
    4384
    4320
    4356
    4352
    4230
    4155
    4092
    4037
    3948
    3831
    3708
    3573
    3498
    3252
    3274
    3254
    3129
    3036
    2869
    2888
    2825
    2762
    2669
    2585
    2600
    2527
    2422
    2448
    2447
    2449
    2455
    2333
    2399
    2391
    2289
    2347
    2223
    2291
    2198
    2272
    2205
    2194
    2205
    2208
    2194
    2129
    2221
    2159
    2210
    2153
    2149
    2163
    2167
    2078
    2139
    2064
    2102
    2073
    2049
    2137
    2094
    2113
    2052
    2144
    2007
    2109
    2089
    2037
    2040
    1984
    2072
    2061
    2035
    2073
    2057
    1950
    1994
    2023
    2042
    2028
    2069
    2060
    2070
    2099
    2113
    2011
    2064
    2069
    2182
    2158
    2119
    2261
    2189
    2445
    2666
    2773
    3032
    3405
    3789
    4266
    5005
    5658
    6645
    7553
    8836
    9931
   11216
   12949
   14323
   15753
   17588
   19127
   20810
   22554
   23812
   25198
   26608
   27302
   28335
   28938
   28768
   29060
   28733
   27854
   27130
   25547
   24554
   22919
   21206
   19196
   17697
   15995
   14146
   12691
   11008
    9770
    8459
    7199
    6190
    5271
    4649
    3974
    3370
    2952
    2604
    2278
    2022
    1838
    1691
    1517
    1404
    1339
    1209
    1269
    1194
    1080
    1098
    1135
    1048
    1051
    1073
     972
     941
     948
     959
     939
     968
     929
     951
     968
     955
     968
     942
     964
     980
     999
     924
     959
     933
     978
     996
     920
     938
     937
    1053
     949
     976
     950
     948
     895
     917
     961
     966
     889
     934
     854
     918
     975
     956
     894
     897
     882
     907
     938
     901
     942
     910
     946
     929
     912
     841
     891
     874
     900
     898
     897
     906
     918
     863
     937
     972
     912
     907
     922
     904
     899
     920
     891
     929
     837
     953
     933
     891
     927
     895
     878
     965
     900
     964
     963
     914
     908
     946
     935
     910
     896
     935
     879
     967
     944
     891
     932
     955
     876
     875
     895
     932
     902
     906
     885
     939
     931
     884
    1018
     861
     868
     881
     936
     921
     928
     928
     973
     929
     910
     931
     956
     907
     985
     951
     889
     971
     968
     965
     944
     900
     913
     894
     947
     901
     936
     882
     983
     935
     942
     893
     928
     934
     946
     919
     932
     882
     895
     924
     953
     927
     921
     925
     890
     950
     905
     956
     904
     925
     943
     921
     915
     919
     906
     878
     907
     905
     946
     896
     932
     929
     904
     962
     940
     985
     951
     966
     909
     951
     897
     905
     905
     915
     970
     987
     891
     954
     946
     918
     976
    1013
     974
     948
     947
     930
     927
     915
     952
     960
     984
     978
     986
     969
     981
     960
    1004
     995
    1041
     990
     977
     994
     997
    1014
     979
     988
    1050
     987
    1045
    1000
    1017
     948
    1010
    1000
    1020
    1040
    1053
    1056
    1041
    1008
    1046
    1027
    1028
    1063
    1063
    1043
    1089
    1067
    1010
    1052
    1074
    1126
    1090
    1085
    1038
    1042
    1076
    1095
    1084
    1039
    1104
    1031
    1063
    1102
    1147
    1086
    1076
    1097
    1066
    1047
    1013
    1057
     980
    1000
     977
     959
     963
     947
     941
     917
     940
     852
     858
     836
     838
     820
     776
     777
     781
     793
     707
     738
     663
     621
     669
     635
     595
     547
     576
     611
     562
     548
     468
     462
     500
     490
     498
     425
     451
     434
     400
     390
     382
     425
     359
     397
     351
     350
     386
     341
     321
     307
     356
     315
     313
     310
     294
     279
     286
     296
     272
     287
     235
     265
     263
     225
     214
     228
     246
     228
     247
     237
     223
     212
     198
     227
     189
     199
     192
     203
     206
     203
     215
     192
     198
     185
     203
     225
     162
     183
     173
     197
     192
     182
     202
     171
     164
     169
     155
     151
     177
     183
     169
     166
     188
     197
     161
     167
     199
     176
     176
     210
     214
     250
     217
     268
     289
     268
     349
     319
     380
     416
     428
     459
     549
     620
     661
     749
     843
     901
     990
    1113
    1183
    1267
    1396
    1545
    1665
    1843
    1941
    2004
    2098
    2299
    2436
    2606
    2793
    2826
    2925
    3125
    3180
    3395
    3437
    3397
    3635
    3699
    3857
    3731
    3774
    3774
    3713
    3730
    3639
    3642
    3558
    3465
    3331
    3332
    3241
    3145
    3068
    2917
    2782
    2685
    2402
    2343
    2205
    2026
    1946
    1870
    1700
    1559
    1473
    1349
    1300
    1090
    1043
     971
     836
     767
     732
     660
     555
     458
     499
     418
     344
     353
     289
     285
     268
     234
     183
     185
     178
     150
     133
     139
     105
      95
      81
      83
      80
      85
      67
      62
      66
      61
      59
      50
      35
      50
      53
      52
      49
      41
      46
      54
      47
      62
      47
      37
      44
      55
      46
      52
      39
      41
      41
      41
      51
      57
      50
      47
      50
      42
      42
      44
      46
      35
      45
      50
      57
      41
      44
      39
      36
      48
      38
      50
      46
      40
      41
      45
      48
      28
      47
      51
      49
      49
      46
      51
      46
      50
      53
      40
      37
      55
      38
      37
      46
      35
      48
      43
      50
      37
      48
      40
      44
      36
      45
      37
      41
      44
      30
      43
      36
      59
      36
      51
      42
      43
      48
      40
      47
      47
      55
      32
      30
      43
      41
      43
      44
      35
      32
      40
      40
      39
      41
      44
      37
      37
      34
      30
      36
      35
      31
      33
      38
      39
      40
      37
      31
      34
      30
      36
      37
      36
      24
      24
      26
      31
      35
      37
      36
      25
      45
      29
      22
      28
      36
      35
      35
      19
      27
      33
      28
      25
      23
      29
      26
      18
      29
      28
      14
      25
      18
      25
      25
      22
      28
      22
      24
      27
      22
      25
      18
      23
      20
      26
      22
       7
      17
      19
      17
      16
      21
      13
      14
      18
      12
      21
      15
      23
       9
      12
      20
      16
      17
      10
      16
      17
      10
      14
      21
      21
      11
      25
      12
      22
      19
      14
      21
      12
      19
      10
      15
      12
       8
      12
      15
      15
      18
      17
      10
      24
      14
      13
      12
      15
       7
      15
      12
      13
      14
      16
      17
      20
      20
      17
      16
      18
      16
      12
      23
      25
      14
      21
      25
      24
      18
      26
      33
      31
      23
      26
      23
      29
      31
      34
      36
      45
      37
      44
      45
      42
      43
      31
      48
      42
      51
      47
      51
      56
      57
      51
      62
      52
      48
      47
      52
      48
      57
      74
      58
      44
      67
      48
      49
      62
      55
      53
      47
      55
      35
      50
      38
      38
      31
      22
      32
      30
      41
      23
      29
      30
      26
      22
      33
      24
      17
      19
      15
      16
      13
      16
      17
      10
       9
      12
       4
       7
       7
       8
       6
       5
       4
       8
       7
       8
       6
       7
       6
       3
       5
       6
       6
       5
       1
       1
       2
       4
       4
       2
       9
       3
       3
       3
       4
       3
       2
       5
       2
       5
       2
       2
       4
       3
       2
       4
       5
       5
       3
       1
       4
       3
       5
       3
       3
       4
       1
       6
       3
       3
       1
       4
       7
       1
       5
       4
       3
       5
       2
       4
       1
       4
       7
       2
       4
       2
       0
       0
       2
       4
       1
       2
       3
       2
       2
       5
       1
       4
       0
       4
       2
       4
       2
       2
       0
       1
       3
       3
       1
       1
       1
       3
       3
       5
       4
       3
       0
       2
       1
       1
       1
       3
       3
       4
       4
       0
       2
       8
       5
       0
       1
       6
       1
       5
       1
       2
       3
       3
       1
       4
       3
       1
       4
       3
       3
       3
       2
       2
       1
       5
       4
       2
       1
       3
       5
       1
       1
       1
       1
       2
       0
       1
       1
       3
       4
       0
       4
       3
       2
       0
       3
       1
       0
       1
       1
       0
       1
       2
       3
       1
       1
       5
       5
       1
       3
       4
       0
       2
       0
       3
       2
       1
       0
       3
       1
       1
       1
       2
       0
       1
       1
       0
       2
       1
       0
       0
       1
       1
       3
       1
       2
       5
       1
       1
       1
       1
       0
       1
       1
       2
       1
       3
       4
       2
       1
       4
       2
       3
       1
       1
       2
       1
       0
       2
       3
       0
       1
       2
       1
       1
       1
       3
       1
       1
       0
       1
       5
       0
       3
       2
       1
       1
       0
       2
       1
       1
       2
       0
       1
       0
       2
       2
       3
       0
       0
       3
       1
       2
       2
       0
       4
       2
       0
       0
       1
       0
       2
       4
       0
       0
       1
       0
       1
       0
       1
       1
       2
       1
       1
       3
       0
       0
       2
       0
       1
       2
       1
       0
       1
       0
       0
       1
       0
       1
       2
       3
       0
       0
       0
       0
       1
       1
       0
       2
       1
       0
       2
       1
       1
       1
       0
       0
       1
       3
       1
       0
       1
       3
       1
       2
       2
       0
       0
       1
       3
       0
       0
       0
       1
       1
       0
       2
       0
       0
       0
       0
       1
       2
       2
       1
       0
       0
       1
       1
       0
       2
       2
       1
       0
       1
       0
       2
       2
       1
       1
       0
       1
       1
       0
       0
       2
       0
       1
       0
       1
       0
       0
       1
       1
       2
       0
       2
       0
       0
       0
       1
       1
       0
       0
       2
       0
       0
       1
       0
       0
       2
       1
       0
       0
       0
       2
       0
       1
       1
       0
       2
       1
       0
       0
       1
       1
       1
       0
       0
       0
       1
       0
       0
       0
       3
       1
       1
       1
       0
       0
       1
       1
       1
       2
       0
       1
       2
       0
       0
       1
       0
       0
       0
       2
       0
       1
       0
       1
       2
       1
       1
       0
       0
       1
       1
       0
       1
       1
       1
       0
       0
       1
       0
       0
       1
       1
       1
       1
       0
       1
       1
       0
       0
       1
       0
       0
       0
       1
       1
       0
       1
       0
       2
       0
       0
       1
       0
       0
       0
       0
       3
       0
       1
       0
       1
       2
       2
       1
       0
       0
       0
       1
       2
       2
       1
       1
       0
       0
       1
       0
       0
       0
       0
       0
       0
       0
       2
       1
       0
       0
       0
       0
       0
       0
       0
       0
       0
       1
       0
       0
       0
       0
       1
       1
       1
       0
       0
       0
       0
       0
       0
       0
       0
       0
       0
       0
       0
       0
       0
       0
       0
       0
       0
       0
       0
       0
       0
       0
       0
       0
       0
       0
       0
       0
       0
       0
       0
       0
       0
       0
       0
       0
       0
       0
       0
       0
       0
       0
       1
       0
       0
       0
       1
       0
       0
       0
       0
       0
       0
       0
       0
       0
       0
       0
       0
       0
       0
       0
       0
       0
       0
       0
       0
       0
       0
       0
       0
       0
       0
       0
       0
       0
       0
       1
       0
       0
       0
       0
       0
       0
       0
       0
       0
       0
       0
       0
       0
       0
       0
       0
       0
       0
       0
       0
       0
       0
       0
       0
       0
       0
       0
       0
       0
       0
       0
       0
       0
       0
       0
       0
       0
       0
       0
       0
       0
       0
       0
       0
       0
       0
       0
       0
       0
       0
       0
       0
       1
       0
       0
       0
       0
       0
       0
       0
       0
       0
       0
       0
       0
       0
       0
       0
       0
       0
       0
       0
       0
       0
       0
       0
       0
       1
       0
       0
       0
       0
       0
       0
       0
       0
       0
       0
       0
       0
       0
       0
       0
       0
       0
       1
       0
       0
       0
       0
       0
       0
       0
       0
       0
       0
       0
       0
       0
       0
       0
       0
       0
       0
       0
       0
       0
       0
       0
       0
       0
       0
       0
       0
       0
       0
       0
       0
       0
       0
       0
       0
       0
       0
       0
       0
       0
       0
       0
       1
       0
       0
       0
       0
       0
       0
       0
       0
       0
       0
       0
       0
       1
       0
       0
       0
       0
       0
       0
       0
       0
       0
       0
       0
       0
       0
       0
       0
       0
       0
       0
       0
       0
       0
       0
       1
       0
       0
       0
       1
       0
       0
       0
       0
       1
       0
       0
       0
       0
       1
       0
       0
       0
       0
       0
       0
       0
       0
       0
       0
       0
       0
       0
       0
       0
       0
       0
       0
       0
       0
       0
       0
       0
       0
       0
       0
       0
       0
       0
       0
       0
       0
       0
       0
       0
       1
       0
       0
       0
       0
       0
       0
       0
       0
       0
       0
       0
       0
       0
       1
       0
       0
       0
       0
       0
       0
       0
       0
       0
       0
       0
       0
       0
       0
       0
       0
       0
       0
       0
       0
       0
       0
       0
       0
       0
       0
       0
       0
       0
       0
       0
       0
       0
       0
       0
       0
       0
       0
       0
       0
       0
       0
       0
       0
       0
       0
       0
       0
       0
       0
       0
       0
       0
       0
       0
       0
       0
       0
       0
       0
       0
       0
       0
       0
       0
       0
       0
       0
       0
       0
       0
       0
       0
       0
       0
       0
       0
       0
       0
       0
       0
       0
       0
       0
       0
       0
       0
       0
       0
       0
       0
       0
       0
       0
       0
$ROI:
0
$PRESETS:
None
0
0
$ENER_FIT:
0.000000 0.000000
$MCA_CAL:
3
0.000000E+000 0.000000E+000 0.000000E+000 
$SHAPE_CAL:
3
0.000000E+000 0.000000E+000 0.000000E+000
