$SPEC_ID:
No sample description was entered.
$SPEC_REM:
DET# 1
DETDESC# DESKTOP-95CNEVU Easy-MCA-2k SN 16145343
AP# Maestro Version 7.01
$DATE_MEA:
09/27/2018 15:59:57
$MEAS_TIM:
1415 1508
$DATA:
0 2047
       0
       0
       0
       0
       0
       0
       0
       0
       0
       0
       0
       0
       5
     843
    2067
    2894
    2762
    2796
    2749
    2897
    2861
    2916
    2880
    3015
    3026
    2983
    3151
    3091
    3187
    3337
    3324
    3394
    3413
    3500
    3494
    3696
    3835
    4051
    4308
    4594
    5003
    5420
    5484
    5500
    5346
    5121
    4756
    4602
    4613
    4622
    4831
    4977
    5213
    5260
    5502
    5747
    5883
    6179
    6733
    7136
    8466
   10162
   12447
   15377
   19086
   22381
   24958
   26093
   25674
   23479
   21526
   19277
   17491
   17227
   17440
   18359
   19210
   20195
   20721
   20687
   20072
   19128
   17465
   15705
   13968
   12443
   11242
   10655
   10191
   10215
   10067
    9838
    9417
    8891
    7973
    7523
    6832
    6351
    5889
    5484
    5408
    5285
    5415
    5453
    5652
    5646
    5745
    6000
    6088
    6021
    6064
    6045
    6222
    6130
    6242
    6344
    6257
    6299
    6502
    6389
    6408
    6459
    6747
    6618
    6696
    6987
    6762
    6954
    6786
    6851
    7004
    6841
    6926
    6976
    6934
    6944
    6962
    7000
    7072
    7205
    7372
    7198
    7285
    7168
    7408
    7503
    7368
    7334
    7425
    7472
    7526
    7389
    7706
    7653
    7837
    7793
    7979
    7989
    8162
    8242
    8407
    8498
    8488
    8740
    8867
    8769
    8681
    8828
    8818
    8883
    8969
    9047
    9166
    9596
    9925
   10494
   11129
   12083
   12979
   14012
   15209
   16113
   17227
   17861
   18952
   19130
   19350
   19434
   19147
   18398
   17548
   17041
   16017
   14857
   13865
   12839
   11727
   10970
   10179
    9441
    8785
    8388
    8049
    7667
    7747
    7637
    7632
    7608
    7423
    7617
    7631
    7457
    7697
    7419
    7408
    7397
    7336
    7261
    7268
    7146
    7095
    6858
    6897
    6921
    6820
    6987
    6700
    6565
    6776
    6609
    6537
    6546
    6531
    6651
    6661
    6435
    6337
    6434
    6500
    6400
    6634
    6500
    6885
    6922
    7058
    7182
    7308
    7394
    7711
    7693
    7964
    7992
    8284
    8325
    8466
    8492
    8510
    8559
    8533
    8374
    8121
    8073
    7775
    7632
    7424
    7104
    7051
    6646
    6382
    6052
    5944
    5702
    5298
    5185
    5094
    4926
    4763
    4687
    4574
    4478
    4409
    4303
    4205
    4340
    4145
    4236
    4284
    4268
    4213
    4121
    4147
    4078
    4145
    4111
    4132
    4066
    4180
    4191
    4141
    4207
    4043
    4101
    4139
    4019
    4039
    3902
    4051
    4007
    4046
    3922
    3966
    3925
    3792
    3786
    3933
    3861
    3861
    3852
    3875
    3667
    3621
    3672
    3678
    3704
    3655
    3520
    3624
    3636
    3621
    3623
    3597
    3700
    3605
    3679
    3770
    3858
    3818
    3778
    3839
    3967
    3925
    4008
    3827
    3954
    3974
    4108
    4132
    4071
    4110
    4131
    4023
    4141
    4010
    4048
    4038
    3932
    4056
    4037
    3957
    4004
    4138
    4116
    4131
    4092
    4198
    4242
    4420
    4475
    4536
    4547
    4664
    4748
    4891
    4976
    5082
    5128
    5120
    5276
    5291
    5256
    5421
    5385
    5302
    5241
    5261
    5110
    5132
    5076
    5053
    4727
    4764
    4598
    4482
    4289
    4123
    3984
    3941
    3853
    3652
    3593
    3627
    3428
    3528
    3453
    3460
    3474
    3533
    3607
    3674
    3773
    3910
    4008
    4173
    4320
    4529
    4712
    4982
    5057
    5303
    5334
    5705
    5802
    5912
    6221
    6289
    6608
    6753
    6813
    6993
    7010
    7056
    7315
    7244
    7162
    7084
    6874
    6918
    6672
    6639
    6437
    6032
    5966
    5658
    5396
    5224
    4849
    4797
    4499
    4308
    3927
    3776
    3396
    3343
    3207
    2844
    2852
    2712
    2562
    2425
    2356
    2187
    2072
    2093
    2121
    1937
    1923
    1909
    1956
    1812
    1864
    1883
    1831
    1850
    1774
    1753
    1703
    1732
    1771
    1822
    1736
    1747
    1717
    1763
    1720
    1788
    1782
    1772
    1704
    1779
    1828
    1694
    1747
    1729
    1783
    1735
    1758
    1755
    1712
    1675
    1818
    1718
    1712
    1731
    1721
    1708
    1725
    1685
    1789
    1804
    1854
    1832
    1849
    1946
    1944
    1912
    1863
    1945
    2074
    2105
    2041
    2086
    2075
    2098
    2167
    2257
    2125
    2286
    2249
    2236
    2405
    2306
    2347
    2331
    2367
    2347
    2280
    2290
    2291
    2296
    2260
    2265
    2121
    2143
    2129
    2130
    2037
    2081
    2059
    2018
    1996
    1926
    2010
    1878
    1818
    1946
    1841
    1960
    1811
    1820
    1847
    1768
    1739
    1749
    1844
    1807
    1806
    1860
    1862
    1780
    1823
    1782
    1832
    1843
    1785
    1834
    1863
    1845
    1782
    1759
    1766
    1756
    1685
    1750
    1673
    1640
    1636
    1679
    1546
    1560
    1538
    1585
    1504
    1514
    1593
    1581
    1481
    1477
    1479
    1441
    1462
    1464
    1419
    1464
    1480
    1449
    1427
    1461
    1523
    1465
    1509
    1488
    1498
    1538
    1564
    1623
    1538
    1553
    1578
    1645
    1644
    1725
    1736
    1719
    1710
    1727
    1854
    1916
    1878
    1917
    1912
    1925
    1977
    2014
    2058
    2130
    2109
    2224
    2329
    2392
    2432
    2489
    2528
    2625
    2641
    2755
    2801
    3010
    2931
    3075
    3131
    3186
    3188
    3380
    3353
    3486
    3453
    3531
    3523
    3624
    3641
    3581
    3539
    3538
    3492
    3576
    3446
    3480
    3450
    3468
    3329
    3295
    3345
    3222
    3231
    3164
    3035
    3106
    3042
    2993
    2999
    2909
    2886
    2912
    2852
    2797
    2754
    2811
    2780
    2731
    2823
    2754
    2806
    2801
    2719
    2595
    2687
    2647
    2753
    2632
    2600
    2569
    2478
    2483
    2476
    2405
    2268
    2294
    2227
    2063
    2105
    2032
    2010
    1935
    1755
    1686
    1726
    1557
    1505
    1432
    1378
    1334
    1217
    1157
    1029
    1015
    1013
     927
     894
     855
     819
     767
     762
     693
     673
     622
     634
     599
     541
     562
     499
     555
     534
     529
     560
     466
     489
     495
     487
     485
     464
     462
     472
     430
     459
     435
     455
     506
     488
     428
     454
     508
     514
     445
     473
     470
     496
     470
     496
     477
     486
     464
     447
     448
     466
     458
     453
     513
     456
     469
     470
     488
     469
     435
     473
     424
     418
     459
     425
     449
     432
     469
     426
     468
     452
     486
     513
     438
     475
     426
     458
     430
     403
     446
     404
     409
     428
     419
     428
     438
     407
     394
     440
     414
     398
     452
     377
     422
     406
     388
     400
     374
     361
     388
     432
     360
     372
     349
     363
     366
     324
     392
     365
     388
     387
     382
     386
     394
     352
     347
     354
     402
     359
     366
     374
     351
     357
     335
     348
     352
     339
     362
     321
     343
     355
     354
     327
     311
     369
     368
     382
     339
     359
     319
     330
     386
     342
     348
     343
     333
     343
     365
     334
     377
     339
     347
     340
     368
     352
     348
     388
     358
     316
     367
     348
     303
     382
     345
     345
     372
     367
     374
     350
     325
     339
     396
     362
     340
     356
     357
     339
     348
     316
     362
     326
     344
     327
     316
     347
     358
     366
     349
     330
     299
     325
     325
     338
     317
     309
     283
     320
     290
     350
     296
     297
     293
     286
     287
     296
     283
     283
     338
     316
     277
     295
     315
     285
     265
     280
     298
     319
     276
     298
     270
     303
     289
     268
     265
     298
     271
     272
     263
     269
     282
     299
     293
     283
     289
     269
     252
     243
     303
     268
     296
     269
     269
     249
     264
     292
     257
     294
     267
     264
     266
     229
     237
     267
     258
     252
     235
     268
     279
     239
     272
     241
     246
     256
     293
     263
     245
     243
     224
     291
     293
     234
     253
     229
     248
     244
     265
     267
     256
     306
     224
     269
     276
     248
     283
     270
     292
     314
     261
     301
     282
     256
     272
     292
     283
     301
     275
     277
     293
     275
     282
     321
     258
     303
     314
     288
     316
     318
     317
     307
     305
     307
     351
     308
     280
     317
     322
     322
     339
     331
     344
     306
     310
     314
     352
     318
     321
     297
     329
     345
     310
     324
     337
     297
     323
     302
     356
     345
     343
     316
     376
     345
     292
     377
     354
     338
     342
     342
     341
     334
     325
     327
     366
     340
     354
     332
     335
     332
     359
     380
     350
     384
     359
     373
     362
     379
     383
     388
     457
     396
     408
     430
     416
     466
     422
     423
     452
     453
     455
     511
     483
     473
     452
     470
     488
     503
     535
     511
     485
     591
     556
     518
     579
     544
     615
     582
     540
     505
     561
     580
     573
     530
     534
     591
     568
     532
     550
     623
     571
     561
     562
     589
     541
     552
     594
     559
     519
     502
     499
     508
     469
     490
     493
     485
     483
     482
     480
     517
     475
     431
     433
     449
     423
     440
     407
     413
     430
     391
     415
     370
     449
     371
     353
     364
     376
     341
     336
     323
     324
     357
     343
     286
     294
     311
     332
     266
     278
     287
     263
     277
     248
     270
     268
     245
     261
     230
     236
     225
     261
     271
     216
     229
     264
     256
     272
     239
     222
     210
     223
     225
     196
     238
     218
     231
     241
     211
     230
     239
     221
     206
     203
     222
     223
     219
     204
     209
     225
     239
     216
     236
     233
     218
     211
     192
     218
     225
     209
     206
     226
     231
     208
     242
     218
     184
     222
     207
     217
     230
     215
     213
     221
     237
     208
     227
     209
     217
     201
     174
     228
     216
     225
     200
     208
     219
     209
     246
     196
     208
     227
     224
     217
     180
     232
     227
     233
     205
     254
     228
     203
     215
     238
     224
     202
     223
     211
     201
     204
     211
     252
     203
     221
     190
     211
     196
     204
     207
     185
     207
     207
     225
     206
     235
     214
     212
     202
     230
     222
     217
     241
     230
     217
     225
     228
     203
     213
     224
     217
     208
     193
     229
     203
     227
     217
     225
     217
     194
     219
     208
     196
     230
     239
     227
     217
     208
     206
     221
     216
     211
     207
     204
     227
     204
     244
     241
     175
     244
     209
     187
     198
     224
     220
     193
     180
     213
     194
     214
     214
     196
     212
     196
     207
     226
     178
     217
     195
     217
     204
     228
     223
     216
     228
     208
     203
     209
     200
     200
     208
     179
     191
     232
     210
     220
     208
     198
     200
     215
     229
     182
     217
     207
     198
     195
     179
     201
     240
     211
     212
     208
     222
     192
     196
     195
     209
     238
     242
     232
     187
     212
     221
     208
     219
     194
     196
     223
     219
     201
     206
     218
     226
     221
     195
     236
     234
     258
     238
     201
     228
     218
     225
     242
     234
     232
     223
     243
     252
     254
     250
     257
     278
     267
     274
     274
     307
     251
     262
     289
     281
     300
     322
     306
     293
     323
     310
     318
     308
     347
     317
     366
     306
     298
     342
     353
     356
     348
     365
     364
     383
     365
     394
     396
     374
     432
     346
     393
     394
     415
     454
     413
     394
     367
     415
     417
     401
     421
     433
     403
     356
     448
     389
     419
     425
     432
     407
     407
     423
     404
     408
     413
     420
     423
     395
     383
     383
     378
     345
     359
     391
     365
     366
     354
     384
     317
     358
     370
     317
     375
     306
     338
     334
     331
     299
     308
     319
     326
     336
     314
     279
     304
     292
     325
     266
     295
     321
     281
     258
     271
     303
     287
     292
     251
     298
     289
     275
     284
     254
     293
     260
     306
     277
     269
     268
     254
     286
     274
     261
     281
     287
     268
     281
     257
     267
     243
     265
     294
     280
     272
     274
     304
     281
     287
     241
     289
     301
     293
     251
     314
     267
     289
     294
     280
     277
     306
     283
     282
     295
     289
     275
     292
     256
     266
     277
     258
     286
     305
     277
     290
     275
     305
     283
     287
     267
     279
     277
     292
     288
     262
     285
     260
     257
     272
     267
     272
     269
     265
     297
     254
     249
     286
     268
     271
     267
     285
     260
     242
     273
     291
     253
     242
     230
     255
     248
     243
     228
     251
     261
     243
     239
     228
     240
     204
     235
     200
     209
     215
     194
     218
     215
     252
     184
     196
     214
     211
     176
     212
     182
     177
     204
     186
     171
     202
     172
     188
     203
     173
     173
     202
     171
     183
     173
     146
     168
     158
     164
     126
     162
     139
     146
     138
     153
     139
     160
     137
     141
     141
     119
     126
     155
     143
     134
     127
     135
     135
     118
     109
     116
     130
     116
     149
     115
     109
     118
     141
     125
     133
     116
     122
     133
     129
     111
     127
     118
     130
     102
     141
     119
     127
     107
     132
     135
     146
     134
     133
     144
     146
     126
     136
     147
     136
     149
     144
     125
     165
     126
     181
     126
     158
     176
     174
     168
     192
     174
     180
     194
     167
     195
     174
     215
     216
     245
     214
     233
     272
     230
     238
     261
     288
     315
     312
     291
     297
     349
     324
     333
     351
     357
     351
     346
     397
     383
     423
     400
     451
     446
     460
     445
     520
     451
     550
     484
     466
     519
     563
     595
     605
     588
     605
     605
     621
     647
     645
     669
     704
     672
     721
     727
     760
     732
     759
     743
     739
     776
     769
     843
     821
     765
     810
     785
     786
     781
     804
     798
     821
     787
     769
     783
     802
     799
     779
     821
     794
     760
     766
     716
     736
     710
     673
     751
     699
     703
     713
     658
     626
     641
     597
     566
     587
     606
     560
     549
     514
     509
     487
     498
     468
     487
     416
     449
     443
     415
     383
     361
     372
     336
     321
     308
     297
     298
     289
     285
     288
     252
     257
     242
     216
     208
     220
     212
     188
     155
     160
     186
     149
     156
     145
     143
     120
      97
     120
     100
     107
     104
     101
      97
      80
      98
      76
      72
      76
      61
      82
      52
      53
      50
      68
      50
      49
      55
      43
      51
      38
      40
      36
      37
      39
      28
      25
      36
      40
      43
      34
      33
      33
      33
      36
      29
      35
      30
      28
      28
      26
      27
      33
      31
      26
      28
      29
      31
      24
      28
      22
      37
      27
      27
      20
      18
      31
      30
      24
      21
      21
      17
      25
      16
      30
      27
      17
      20
      30
      15
      18
      12
      33
      19
      22
      22
      23
      21
      24
      31
      22
      18
      23
      15
      17
      32
      23
      19
      17
      20
      13
      25
      26
      15
      26
      26
      17
      19
      28
      22
      12
      20
      17
      13
      16
      21
      18
      16
      20
      13
      23
      12
      22
      14
      19
      24
      26
      23
      19
      22
      14
      10
      24
      20
      13
      17
      27
      20
      12
      24
      23
      13
      20
      14
      12
      10
      27
       9
      15
      15
      19
      13
      17
      14
      18
       0
       0
       0
       0
       0
       0
       0
       0
       0
       0
       0
       0
       0
       0
       0
       0
       0
       0
       0
       0
       0
       0
       0
       0
       0
       0
       0
       0
       0
       0
       0
       0
$ROI:
2
334 413
832 942
$PRESETS:
None
0
0
$ENER_FIT:
-69.858078 1.501448
$MCA_CAL:
3
-6.985808E+001 1.501448E+000 0.000000E+000 keV
$SHAPE_CAL:
3
-2.666085E+001 7.480167E-002 0.000000E+000
